1.43907389521033e-16
5.75629558084132e-16
-4.31722168563099e-16
2.87814779042066e-16
-2.87814779042066e-16
7.19536947605165e-16
-2.87814779042066e-16
1.15125911616826e-15
2.87814779042066e-16
8.63444337126198e-16
0
9.35398031886714e-16
-1.43907389521033e-16
1.11528226878801e-15
-1.43907389521033e-16
8.63444337126198e-16
5.75629558084132e-16
-2.15861084281549e-16
2.87814779042066e-16
7.91490642365681e-16
1.06128835063684e-15
4.74290270099988e-16
1.695392693081e-16
-6.41350015425344e-16
2.76144719271627e-16
2.99029744487836e-16
1.43031407601303e-17
-3.59484039849665e-16
4.14217078907441e-16
4.48544616731754e-16
-1.54520971509964e-16
2.63891773583196e-16
-5.70883521531424e-16
-1.30730237171108e-16
-5.71598678569431e-16
-1.12756035178625e-16
2.80435661499667e-16
1.91184532532937e-16
-7.15157038006513e-18
1.79742019924832e-16
4.35532148824313e-16
1.06596291193987e-17
1.54442682921313e-16
1.08144486147723e-15
-5.6133308750527e-16
9.21333366778769e-17
1.10213922985408e-17
8.39815641826828e-16
6.53466424183147e-16
4.69199750827393e-16
4.85919804675367e-16
1.50826565659807e-16
-1.22333257912643e-16
3.08306544755998e-16
2.75445258146678e-16
5.54303743268561e-16
-8.24426270666131e-17
5.96479808688819e-17
5.20111773971964e-16
-6.23093462434359e-17
2.3507967672596e-16
-8.33937049839739e-16
7.24354727962838e-16
1.17273116295247e-16
3.86850079642858e-16
-6.23530088775217e-16
1.64484771076258e-17
-4.54777764615227e-16
4.88208162965945e-16
-2.78334646036891e-16
3.5341968129214e-16
-3.28746965630701e-16
-3.19989282941422e-16
3.39638424861847e-17
5.04123195938105e-17
-1.34788481673806e-16
1.01891527458554e-16
9.59967848824265e-16
3.36437760049047e-16
-4.88741607101412e-16
-9.51012340329927e-16
-1.65818221810265e-16
-3.52442907819713e-16
-9.7604790260674e-16
-6.76763186351633e-16
-5.2671932578524e-17
-1.52974782661312e-15
-5.93367816460418e-16
-6.94482583539836e-16
-5.13059513580183e-16
-1.99273621563968e-15
-9.3540749218054e-16
-3.77478470096527e-16
-4.57786772976761e-16
-1.06675943758657e-15
-2.51328140740296e-16
-5.05743348491572e-16
-2.84166127091802e-16
0.274775039544097
0.274393190674985
0.27268459870716
0.269569925097611
0.264975599641499
0.258834898844084
0.251089019362156
0.241688132673121
0.230592406512335
0.217772978190385
0.203212864680608
0.186907794369975
0.168866945606278
0.14911357766123
0.127685540467592
0.104635650480045
0.0800319212501105
0.0539576387865821
0.0265112734809755
-0.00219377770615805
-0.0320296230006701
-0.062854483455852
-0.0945134760387617
-0.126839569247617
0.184594840992134
0.151000066172736
0.115637965146402
0.0786120012017365
0.0400379249323831
4.33353141581512e-05
-0.0412328493152603
-0.0836410067487692
-0.127021508612178
-0.171205495451773
-0.216015723896482
-0.261267480174701
-0.30676955393071
-0.352325266020878
-0.397733543769387
-0.442790037020054
-0.48728826822629
-0.531020809766642
-0.573780481648822
-0.615361562761794
-0.655561008844096
-0.694179670349477
-0.731023503401213
-0.765904767029155
-0.798643199875217
-0.829067169532436
-0.857014787650833
-0.882334983903087
-0.904888531859784
-0.924549019785006
-0.941203759337215
-0.954754625158617
-0.965118818369902
-0.972229547069205
-0.976036617076974
-0.976506926384711
-0.973624857067234
-0.967392558815547
-0.957830118749744
-0.944975612784951
-0.92888503455254
-0.909632098724545
-0.88730791654956
-0.862020542477875
-0.833894391923451
-0.803069531468268
-0.769700844145272
-0.733957073820968
-0.69601975411675
-0.656082028735791
-0.614347371474789
0.365808495846798
0.409190306571323
0.44918725198124
0.485298477437456
0.517039988654891
0.543949965854099
0.565594070695075
0.581570682860333
0.591516000879494
0.595108940379633
0.592075762474217
0.58219436552403
0.565298175056367
0.541279569236745
0.510092780955251
0.471756222302889
0.42635418293772
0.374037860522233
0.315025688978825
0.24960293866709
0.17812057162506
0.100993344610238
0.0186971626850747
-0.0682343036370412
-0.159213714296856
-0.2536048349521
-0.350727947839112
-0.449865844819981
-0.550270340128028
-0.651169231993739
-0.751773634898765
-0.851285597807653
-0.948905918490271
-1.04384206007835
-1.1353160733829
-1.22257242729773
-1.30488564986666
-1.38156768431034
-1.45197486748131
-1.51551444280203
-1.57165052567763
-1.61990944657232
-1.65988440528488
-1.69123937932112
-1.71371223948804
-1.7271170367589
-1.73134543590057
-1.72636728312625
-1.7122303069429
-1.68905896320908
-1.65705244700993
-1.61648190510545
-1.56768689323565
-1.51107113230712
-1.4470976262883
-1.37628321237438
-1.29919262053573
-1.21643212484755
-1.12864287294836
-1.0364939825516
-0.940675495122967
-0.841891276646616
-0.740851953870889
-0.638267971605878
-0.534842852620412
-0.431266736553285
-0.328210268128059
-0.226318897972419
-0.126207651633155
-0.0284564140956331
0.0663942315826864
0.157846581874956
0.2454487860383
0.328797203448828
0.407538142272824
0.481368985223174
0.550038716190572
0.613347869014609
0.671147926473501
0.723340203643186
0.769874255042858
0.810745849399005
0.845994559394561
0.875701016412486
0.899983882038226
0.918996588973604
0.932923904069648
0.941978365455106
0.946396644278942
0.94643587946663
0.942370031186843
0.934486295517655
0.923081619174609
0.908459349202963
0.890926048330014
0.870788502305476
0.848350941110511
0.823912491466838
0.797764873698428
0.770190351755011
0.741459941157721
0.711831875822388
0.681550331198262
0.650844397962557
0.619927297660108
0.588995829189758
0.558230032924582
0.527793057513811
0.497831213046038
0.468474193245034
0.439835448705691
0.412012692837447
0.385088522141729
0.359131132681406
0.334195115074183
0.310322311027747
0.287542715300352
0.265875407985143
0.245329503148472
0.225905101072002
0.207594232626951
0.190381785619965
0.174246404269449
0.159161354276849
0.145095347230223
0.132013319300545
0.119877160351055
0.108646390664813
0.0982787834972094
0.0887309325718599
0.0799587644563349
0.0719179964763944
0.0645645414539961
0.0578548610867393
0.051746270227719
0.046197194679205
0.0411673853863382
0.0366180921140635
0.0325121998183469
0.0288143309881468
0.0254909172447366
0.0225102434468338
0.0198424674705517
0.0174596187192496
0.0153355782762272
0.0134460434491827
0.0117684792746471
0.0102820593587566
0.00896759823190359
0.00780747719343931
0.00678556542188039
0.00588713792932823
0.00509879174821203
0.00440836155644465
0.00380483577477038
0.00327827400919394
0.00281972656217217
0.00242115659980277
0.00207536543820064
2.64012526269012
2.63619997675419
2.61957101757679
2.58947206767815
2.54519271678647
2.48608876454575
2.41159247978691
2.32122268334383
2.21459451543702
2.09142874450715
1.95156047223849
1.79494708952764
1.62167534044989
1.43196735594484
1.22618552603516
1.0048360889162
0.768571327171662
0.518190275599579
0.254637861541105
-0.0209975829851015
-0.307488477852149
-0.603473838908084
-0.907466805480581
-1.21786382344651
-1.53295543175616
-1.85093857595487
-2.16993034821647
-2.48798303011445
-2.80310029222951
-3.11325438414079
-3.41640412976836
-3.71051352680097
-3.99357073539319
-4.2636072307493
-4.51871688687848
-4.75707475490264
-4.97695529896346
-5.17674985608183
-5.35498309328042
-5.51032824582957
-5.64162093449122
-5.7478713769262
-5.82827482873966
-5.88222011265857
-5.90929611969679
-5.90929619345767
-5.88222033750276
-5.8282752154992
-5.74787194415077
-5.64162170921002
-5.51032926465362
-5.35498440388177
-5.1767515190983
-4.97695739039079
-4.75707736905019
-4.51872013998155
-4.26361126534909
-3.99357572561667
-3.71051968469669
-3.416411712881
-3.11326370453822
-2.80311172723048
-2.48799703500486
-2.16994747128624
-1.85095947623771
-1.53298089991096
-1.21789480628183
-0.907504434694397
-0.603519464693162
-0.307543708104003
-0.0210643289454063
0.254557332267788
0.518093277602833
0.768454686188044
1.0046960598643
1.22601769867361
1.4317665465377
1.62143546765805
1.79466103256939
1.95121990917905
2.09102396834617
2.21411422546726
2.32065374905501
2.41091967438929
2.48529446499097
2.54425656697332
2.58837060135151
2.61827723726585
2.63468288495564
2.63834934139136
2.63008351393935
2.61072733851511
2.58114799861103
2.54222854059985
2.49485896905329
2.43992789371197
2.37831478742324
2.31088290204237
2.23847287716956
2.16189706485138
2.08193458217195
1.99932709313636
1.91477531152411
1.82893620755671
1.74242089335306
1.65579315528666
1.56956859553656
1.48421434034613
1.4001492687569
1.31774471283989
1.23732557865964
1.15917183631882
1.08352032737646
1.01056683863497
0.940468392666307
0.676952822872732
0.613165818019743
0.553445788512576
0.497877032787652
0.165516012113727
0.118776084742546
0.0776261952290657
0.0421240408417798
0.0122989786376486
-0.0118474325079224
-0.0303409704531135
-0.0432343547050877
-0.0506068999758081
-0.0525641977553896
-0.0492378030258394
-0.0407849016575807
-0.0273879331407829
-0.00925414310637959
0.0133849594206336
0.0402742639420705
0.0711358617054673
0.105670009975047
0.1435562742041
0.184454861582462
0.22800815565588
0.273842457614494
0.321569935507923
0.370790778152668
0.4210955459429
0.472067706250065
0.523286336689743
0.574328975334932
0.624774593047082
0.674206659559785
0.722216271856554
0.768405310798619
0.812389589935252
0.853801959012731
0.89229532392126
0.92754554470341
0.959254173801228
0.987150997938215
1.01099634890034
1.03058315096798
1.04573867581771
1.05632597930758
1.06224499861977
1.06343329269108
1.05986641363501
1.05155790186768
1.03855890280387
1.02095740820011
0.998877130397101
0.972476022765098
0.941944464494882
0.907503132423031
0.869400586755413
0.827910601289994
0.783329271978566
0.735971940357393
0.686169970479896
0.63426741947261
0.580617642692749
0.52557987468768
0.469515826750885
0.412786340854516
0.355748138144772
0.298750698052573
0.242133301446639
0.186222268194814
0.131328416065048
0.0777447641567202
0.0257445000772961
-0.0244207740588342
-0.0725225059592852
-0.118356361203401
-0.161743092594687
-0.202529112465923
-0.240586773471928
-0.275814367050759
-0.308135852090769
-0.33750032936621
-0.363881279962948
-0.387275588182108
-0.407702371264381
-0.425201639711342
-0.439832812990319
-0.451673116001301
-0.460815881871004
-0.467368786439306
-0.471452039241941
-0.47319655490023
-0.472742127637855
-0.470235630193379
-0.465829256724928
-0.459678827451085
-0.451942170781123
-0.442777596599509
-0.432342472224161
-0.42079191039386
-0.408277576493492
-0.394946620129655
-0.380940734153596
-0.366395342319735
-0.351438914988572
-0.33619241065118
-0.320768839583097
-0.305272944638775
-0.0614607297370845
-0.0464177285316995
-0.0326679921106696
-0.0203480432828901
-0.00958126232901452
-0.000477219816205909
0.00686892554688474
0.0123769615612697
0.0159820865506837
0.0176352989470328
0.0173037080900305
0.0149707614197149
0.0106363829091786
0.00431701740813629
-0.00395442443554307
-0.014128725825117
-0.0261406328029497
-0.039909236763249
-0.0553384738939109
-0.0723177439769977
-0.0907226498209854
-0.110415857277067
-0.131248074327844
-0.153059146155792
-0.175679261430281
-0.198930263328774
-0.222627057064781
-0.246579103969487
-0.270591990502818
-0.294469058990982
-0.318013085437641
-0.341027988469905
-0.363320552390682
-0.384702146444631
-0.404990421791189
-0.424010967335386
-0.441598905510695
-0.457600409347941
-0.471874122704173
-0.484292466363457
-0.494742813849839
-0.503128522197174
-0.509369804581734
-0.513404433616552
-0.515188266201566
-0.514695583087061
-0.511919238702053
-0.506870619284027
-0.499579409879521
-0.490093173323454
-0.47847674680497
-0.464811464046693
-0.449194213420958
-0.771467631063861
-0.751821606631299
-0.728955620155055
-0.702918459679088
-0.673774928468924
-0.641605573041181
-0.606506360137224
-0.568588305994544
-0.527977060460275
-0.484812447610102
-0.439247963617731
-0.391450231702171
-0.341598413099641
-0.289883572201518
-0.236507993304596
-0.181684445868614
-0.125635394797385
-0.0685921520794212
-0.010793966160482
0.0475129543119855
0.106076485227949
0.164639702350801
0.222942068392208
0.280720691780795
0.337711655699316
0.393651414418596
1.87161250375873
1.92269007386174
1.96507036373649
1.99809544750686
2.02114541601329
2.03364560247049
2.03507378002435
2.0249672430601
2.00292967978451
1.96863774052241
1.92184720446308
1.8623986473785
1.79022251420096
1.70534350335362
1.60788417440628
1.49806769698089
1.37621966682489
1.24276892453948
1.09824732349662
0.943288405870027
0.778624959279887
0.605085441117081
0.423589272951755
0.235141023304783
0.0408235132098048
-0.158210104852686
-0.360745228189158
-0.565515563514094
-0.771213668694465
-0.97650216697982
-1.18002551207203
-1.38042217198431
-1.5763370910508
-1.76643428285926
-1.94940940243875
-2.12400214385543
-2.2890083095225
-2.44329140004711
-2.58579357830324
-2.71554586857912
-2.83167746100179
-2.93342400284975
-3.02013477164819
-3.09127863988774
-3.14644875757006
-3.18536589629264
-3.20788041694789
-3.21397284201953
-3.20375303259759
-3.17745798928039
-3.13544831477169
-3.0782033939076
-3.00631536376737
-2.92048196216534
-2.82149835694309
-2.71024807086564
-2.58769312739517
-2.45486355102527
-2.31284636210565
-2.16277421010897
-2.00581379106529
-1.84315419443554
-1.67599532207212
-1.5055365172177
-1.33296553485402
-1.15944797629272
-0.98611730088976
-0.814065516375576
-0.644334636755654
-0.477908983293835
-0.315708389994827
-0.158582360507199
-0.00730520872589244
0.137427799171224
0.275003297731023
0.40489168041806
0.526647986047405
0.639911848498614
0.744406555659184
0.839937273246373
0.926388497551055
1.00372080816495
1.0719669973499
1.13122765686876
1.18166630583234
1.2235041444604
1.25701451866504
1.28251717911881
1.30037241606346
1.31097514765869
1.31474903528423
1.31214069402472
1.30361406072049
1.28964497559706
1.27071602673148
1.24731169960889
1.21991386690026
1.18899764647399
1.15502764865556
1.1184546269736
1.07971254016993
1.03921602718507
0.997358291224868
0.954509383921937
0.91101487606706
0.867194897426879
0.823343524800015
0.779728494696525
0.736591214847822
0.694147047147962
0.652585833567055
0.0314192165492296
-0.00709783692785988
-0.0415035676734547
-0.0715334507756938
-0.0969554058118973
-0.117570689549806
-0.133214726455294
-0.143757869928907
-0.149106083970998
-0.149201532057742
-0.144023057480244
-0.133586537328998
-0.117945090758573
-0.0971891211925543
-0.0714461717642487
-0.0408805735577959
-0.00569286712728556
0.0338810206768813
0.0775708603732472
0.125073477046168
0.176054390814213
0.230149746527862
0.286968534459495
0.346095099221928
0.407091929380986
0.469502715308429
0.0806034721914018
0.145043304818394
0.211633263424566
0.280007660500885
0.349791051400035
0.420600596546821
0.492048483869909
0.563744389136506
0.635297951026039
0.706321237351753
0.77643117883708
0.845251947273149
0.912417255711679
0.977572559560257
1.04037713901356
1.10050604513398
1.15765189404249
1.21152649604328
1.26186230902717
1.30841370812176
1.35095806621905
1.38929664265704
1.42325527990161
1.45268491051661
1.4774618789742
1.49748808490208
1.51269095615309
1.52302326158876
1.52846277467195
1.52901179985436
1.52469657432046
1.51556655791685
1.50169362407044
1.48317116420204
1.46011311760301
1.43265293799652
1.40094250708973
1.36515100438223
1.32546374137217
1.28208096713951
1.23521665112977
1.18509724785166
1.13196044717731
1.07605391302697
1.01763401245991
0.956964536601404
0.894315414427962
0.829961420217814
0.76418087545281
0.697254346125809
0.629463336752836
0.561088982893493
0.492410744623501
0.423705104151731
0.355244271599651
0.287294903829764
0.220116842086343
0.153961875060883
0.0890725347816371
0.025680933418534
-0.0359923503384156
-0.0957393262535603
-0.153365579556995
-0.208691180624632
-0.261551508107928
-0.311797976650204
-0.359298660889653
-0.403938808212715
-0.445621233674945
-0.484266591632469
-0.519813519904995
-0.55221865369574
-0.581456507996297
-0.607519228774693
-0.630416214850274
-0.650173613966695
-0.666833698151194
-0.680454124962633
-0.691107092652522
-0.698878398564334
-0.703866411252752
-0.706180967794648
-0.705942208570779
-0.703279362408597
-0.698329495383919
-0.691236236778754
-0.682148495684913
-0.6712191815331
-0.658603941423948
-0.644459926553305
-0.628944599274947
-0.612214591448062
-0.594424623695093
-0.5757264940701
-0.556268143432053
-0.53619280355527
-0.515638232714531
-0.494736042178332
-0.473611115752877
-0.452381123262411
0.499312369971581
0.519137161646672
0.534268025049513
0.544350503625749
0.549057960585512
0.548095196639092
0.541201979788819
0.528156446435901
0.508778331340947
0.482931982777373
0.45052911860664
0.411531279045468
0.365951932639389
0.313858193445578
0.255372109688212
0.190671487195614
0.119990214757636
0.0436180631361346
-0.038100065214414
-0.124765452657052
-0.215927459442997
-0.311085996536837
-0.409694573829391
-0.511163911498027
-0.614866094212493
-0.720139239767902
-0.826292645695317
-0.932612369599108
-1.03836719154409
-1.1428148999084
-1.24520883586853
-1.34480462622193
-1.4408670296999
-1.53267681838482
-1.61953761341149
-1.70078259287305
-1.77578098981832
-1.84394429944875
-1.90473211710435
-1.95765753235148
-2.00229200941023
-2.03826969021941
-2.06529106354802
-2.08312595161412
-2.09161577454095
-2.09067506252257
-2.08029219563125
-2.0605293616106
-2.03152173258723
-1.99347587222316
-1.94666739524237
-1.89143791132481
-1.8281912949007
-1.75738933124127
-1.67954679728327
-1.59522604271713
-1.50503114290097
-1.40960170004683
-1.30960637279285
-1.2057362166824
-1.09869791919616
-0.989207012829819
-0.877981148303791
-0.765733507380138
-0.653166431015259
-0.540965333782417
-0.429792969760982
-0.320284108528609
-0.213040672639352
-0.108627380164826
-0.00756792766241992
0.0896582595372941
0.182618691414332
0.270929881952699
0.354258821056135
0.432323856368619
0.504894999326385
0.571793676879539
0.632891956805462
0.688111280314551
0.737420740658801
0.780834950649387
0.818411545341499
0.850248368640463
0.87648039422575
0.897276431997094
0.912835671251558
0.923384111046601
0.92917092674768
0.930464819664172
0.927550394017122
0.920724602334016
0.910293296811564
0.896567920310829
0.879862366534035
0.860490034661774
0.838761099382694
0.814980012900855
0.789443251228994
0.762437312932883
0.734236974539803
0.705103803112056
0.675284923055842
0.64501203111981
0.614500650761098
0.583949614637064
0.553540761926934
0.523438835502334
0.493791562643744
0.46472990203174
0.43636843911111
0.408805911612989
0.382125847000437
0.356397293850421
0.33167562967002
0.308003428337429
0.285411371226991
0.263919187091788
0.243536606905899
0.224264321082477
0.206094927754699
0.189013862108843
0.173000298067817
0.158028014918355
0.144066222736368
0.131080341676647
0.119032731341282
0.107883367514874
0.0975904645451614
0.0881110425491869
0.0794014394332548
0.0714177684283505
0.0641163224609046
0.0574539272038047
0.0513882450872432
0.0458780328975356
0.0408833558597459
0.0363657612926651
0.0322884150487965
0.0286162040144932
0.0253158079529975
0.0223557439332547
0.0197063865063397
0.0173399666766066
0.0152305525718254
0.0133540145522367
0.0116879773178306
0.0102117613813336
0.00890631607610396
0.00775414606711709
0.00673923313320566
0.00584695479256883
0.00506400115378024
