5.99958586472205
5.99627348832989
5.98965249893969
5.97973041834878
5.96651851678238
4.41784219498189
5.93028897913717
5.90731246640872
5.88112832487504
5.85176624414356
5.81925949895302
5.78364490506005
5.74496277043537
5.70325684183566
5.65857424682325
5.61096543131202
5.56048409272397
5.50718710884683
5.45113446248877
5.39238916203223
5.33101715799412
6.67699875572423
5.2006710242268
5.13184270162771
5.06067909674966
4.98725948759378
4.91166551646564
4.83398108202043
4.75429222835432
4.67268703129172
4.58925548202224
7.04243870963356
4.41728215297772
4.46724657601948
5.87118312042985
4.14797105389021
4.05556321090368
3.96200232732435
3.86738926349592
5.0743338651547
3.67541378165739
3.57825642754304
3.48045675136108
3.3821181481978
3.28334411433427
3.18423811146908
3.0849034310819
2.98544305912122
2.88595954119884
2.78655484847298
2.68733024440125
2.58838615254317
2.48982202559064
2.3917362158032
2.2942258470227
2.19738668844024
2.10131303028545
2.00609756160587
1.91183125030124
1.81860322557433
1.72650066295686
1.63560867206535
1.54601018723825
1.45778586120156
1.37101396190614
1.28577027267568
1.20212799579964
1.12015765970084
1.03992702980265
0.961501023215555
0.884941627357649
0.810307822618523
0.737655509170192
0.667037438023326
0.598503146421154
0.532098897657581
0.467867625400015
0.405848882591314
0.346078794999034
0.288590019473836
0.233411706972561
0.180569470394977
0.130085357276668
0.0819778273739746
0.0362617351702414
-0.00705168267407541
-0.0479548149115476
-0.0864436783290434
-0.122517915397725
-0.156180786956124
0.599342550465501
-0.496819151900025
-0.24278780019618
-0.266909652379926
-0.288690116941333
-0.308153735362662
-0.325328478976413
-0.340245702872948
-0.0833993872068509
-0.363449621783408
-0.371815466567089
-0.378081967251449
-0.382296546921459
-0.384509641336655
-0.384774622123436
-0.383147715954944
-0.379687919829331
-0.37445691256252
-0.367518962616688
-0.358940832390683
-0.348791679103372
0.0167625018308589
-0.324068288860561
-0.309643403437619
-0.293945978166765
-0.277055548107085
-0.259053384784411
-0.240022377257664
1.70771151883532
-0.199212744594852
0.650780381079725
-0.155317460103014
0.420544709857471
-0.10904526358118
-0.0852431938478229
-0.061118700287719
1.560262754835
-0.0122699212149917
0.0122699212149917
0.0367635690761605
0.061118700287719
0.0852431938478229
0.10904526358118
0.132433591429527
0.155317460103014
0.177606884911367
0.199212744594852
0.22004691097637
0.240022377257664
0.259053384784411
0.277055548107085
0.293945978166765
0.309643403437619
0.324068288860561
0.337142952405567
1.75769863009687
0.358940832390683
0.367518962616688
0.37445691256252
0.379687919829331
0.383147715954944
-0.379978742397702
0.384509641336655
0.382296546921459
0.378081967251449
0.371815466567089
0.363449621783408
0.352940095179914
0.340245702872948
-0.719407369433215
0.308153735362662
0.288690116941333
0.266909652379926
0.24278780019618
0.977503772025378
0.187439159937394
0.156180786956124
0.122517915397725
0.0864436783290434
-0.333803063597358
0.00705168267407541
-0.0362617351702414
-0.0819778273739746
0.335778770802158
2.11509634261787
-0.233411706972561
-0.288590019473836
-0.346078794999034
-0.405848882591314
-0.467867625400015
-0.532098897657581
-0.598503146421154
-0.667037438023326
-0.737655509170192
-0.810307822618523
-0.884941627357649
-0.961501023215555
-1.03992702980265
-1.12015765970084
-1.4458783582861
-1.28577027267568
-1.37101396190614
-1.45778586120156
-1.54601018723825
-1.63560867206535
-1.72650066295686
-1.81860322557433
-1.91183125030124
-2.00609756160587
-2.10131303028545
-2.19738668844024
-2.2942258470227
-2.3917362158032
-2.48982202559064
-2.58838615254317
-2.68733024440125
-2.78655484847298
-2.88595954119884
-2.98544305912122
-3.0849034310819
-3.18423811146908
-3.28334411433427
-3.3821181481978
-3.48045675136108
-3.57825642754304
-3.67541378165739
-3.77182565554756
-3.86738926349592
-3.96200232732435
-4.05556321090368
-4.14797105389021
-4.23912590450897
-4.32892885120392
-4.41728215297772
-4.50408936824454
-4.58925548202224
-4.67268703129172
-3.4449301505249
-4.83398108202043
-4.91166551646564
-4.98725948759378
-5.06067909674966
-5.13184270162771
-5.2006710242268
-5.26708725570521
-3.82863422941133
-5.39238916203223
-5.45113446248877
-5.50718710884683
-5.56048409272397
-5.08349518017009
-5.65857424682325
-5.70325684183566
-5.91973780997947
-5.78364490506005
-5.81925949895302
-5.85176624414356
-5.88112832487504
-5.90731246640872
-5.93028897913717
-5.95003179794765
-5.96651851678238
-5.97973041834878
-5.98965249893969
-5.99627348832989
-5.99958586472205
-5.99958586472205
-5.99627348832989
-5.98965249893969
-5.97973041834878
-5.73969954176096
-5.95003179794765
-5.93028897913717
-5.90731246640872
-5.92279139917149
-5.85176624414356
-5.81925949895302
-5.78364490506005
-5.74496277043537
-5.70325684183566
-5.44083589844177
-5.61096543131202
-5.56048409272397
-5.50718710884683
-5.45113446248877
-5.39238916203223
-5.33101715799412
-5.26708725570521
-5.2006710242268
-5.13184270162771
-5.54133251623068
-4.98725948759378
-4.91166551646564
-4.83398108202043
-4.75429222835432
-4.67268703129172
-4.58925548202224
-4.50408936824454
-4.41728215297772
-4.32892885120392
-4.23912590450897
-4.14797105389021
-4.05556321090368
-4.31425451298662
-3.86738926349592
-3.77182565554756
-3.67541378165739
-3.57825642754304
-3.48045675136108
-3.3821181481978
-2.4126180932506
-3.18423811146908
-1.98597422859715
-2.79089168509517
-2.88595954119884
-1.59324769676991
-2.68733024440125
-2.58838615254317
-2.48982202559064
-2.3917362158032
-2.2942258470227
-2.19738668844024
-2.10131303028545
-2.00609756160587
-1.91183125030124
-1.81860322557433
-1.72650066295686
-1.63560867206535
-2.3383470523453
-1.45778586120156
-1.37101396190614
-1.28577027267568
-1.20212799579964
-1.12015765970084
-1.33905754982556
-0.961501023215555
-0.884941627357649
-0.810307822618523
-0.737655509170192
-0.667037438023326
-0.598503146421154
-0.532098897657581
1.38569331709383
-0.405848882591314
-0.346078794999034
-0.271245673430177
-0.233411706972561
-0.180569470394977
-0.130085357276668
-0.0819778273739746
-0.0362617351702414
0.00705168267407541
2.15458447061733
0.0864436783290434
0.122517915397725
0.156180786956124
0.187439159937394
0.216303490158544
0.24278780019618
0.266909652379926
0.288690116941333
0.308153735362662
0.325328478976413
0.340245702872948
0.352940095179914
0.363449621783408
0.371815466567089
0.378081967251449
0.382296546921459
0.384509641336655
0.513114885466744
0.383147715954944
0.379687919829331
0.37445691256252
0.367518962616688
0.358940832390683
0.348791679103372
0.337142952405567
0.324068288860561
0.309643403437619
0.293945978166765
0.277055548107085
0.259053384784411
0.240022377257664
0.22004691097637
0.199212744594852
0.177606884911367
0.155317460103014
0.132433591429527
0.10904526358118
0.0852431938478229
0.061118700287719
0.0367635690761605
0.0122699212149917
-0.0122699212149917
-0.0367635690761605
-0.061118700287719
-0.0852431938478229
-0.10904526358118
-2.04167849269225
-0.155317460103014
-0.177606884911367
-0.199212744594852
-0.22004691097637
-0.240022377257664
-0.0780553049919702
-0.277055548107085
-0.293945978166765
-0.309643403437619
-0.324068288860561
-0.337142952405567
-1.98259407489616
-0.358940832390683
-0.367518962616688
-0.37445691256252
-0.379687919829331
-0.383147715954944
-1.82715377548457
0.00842492854089932
-0.382296546921459
-0.378081967251449
-0.371815466567089
-0.363449621783408
-0.352940095179914
-0.340245702872948
-0.325328478976413
-0.308153735362662
-0.288690116941333
-1.06973275068586
-0.24278780019618
-0.216303490158544
-0.187439159937394
-1.46103242568774
-0.122517915397725
-0.0864436783290434
-0.0479548149115476
-0.00705168267407541
0.0362617351702414
0.0819778273739746
0.130085357276668
0.180569470394977
0.233411706972561
0.288590019473836
0.346078794999034
0.405848882591314
0.467867625400015
0.532098897657581
0.598503146421154
0.667037438023326
1.72535020108188
0.810307822618523
0.884941627357649
0.961501023215555
1.03992702980265
1.12015765970084
1.20212799579964
1.28577027267568
0.947585124069651
1.45778586120156
1.54601018723825
1.63560867206535
0.662939460072195
1.81860322557433
1.91183125030124
2.00609756160587
2.10131303028545
2.19738668844024
2.2942258470227
2.3917362158032
0.827279055232559
2.58838615254317
2.68733024440125
2.78655484847298
2.88595954119884
2.98544305912122
3.0849034310819
3.18423811146908
3.28334411433427
3.3821181481978
3.48045675136108
3.57825642754304
3.67541378165739
3.77182565554756
3.86738926349592
2.95613337558028
4.05556321090368
4.14797105389021
4.23912590450897
4.32892885120392
4.41728215297772
4.50408936824454
4.58925548202224
4.67268703129172
4.75429222835432
4.83398108202043
4.91166551646564
4.98725948759378
5.06067909674966
5.13184270162771
5.2006710242268
5.26708725570521
5.33101715799412
5.39238916203223
5.45113446248877
5.50718710884683
5.56048409272397
5.61096543131202
5.65857424682325
5.70325684183566
5.74496277043537
5.78364490506005
5.81925949895302
5.85176624414356
5.88112832487504
5.90731246640872
5.93028897913717
5.95003179794765
5.96651851678238
5.97973041834878
5.98965249893969
5.99627348832989
5.99958586472205
5.99958586472205
5.99627348832989
5.98965249893969
5.97973041834878
5.96651851678238
5.80070044476409
7.7438711100415
5.72019192156734
5.88112832487504
5.85176624414356
5.81925949895302
5.78364490506005
5.74496277043537
5.70325684183566
5.65857424682325
5.61096543131202
5.56048409272397
5.50718710884683
5.45113446248877
4.43174435731308
5.33101715799412
5.26708725570521
5.2006710242268
5.13184270162771
5.06067909674966
4.98725948759378
4.91166551646564
4.83398108202043
4.75429222835432
4.67268703129172
4.58925548202224
4.50408936824454
7.16984003057321
4.32892885120392
4.23912590450897
4.14797105389021
4.05556321090368
3.96200232732435
3.86738926349592
3.77182565554756
3.67541378165739
3.57825642754304
3.48045675136108
4.29301472765629
3.28334411433427
3.18423811146908
3.0849034310819
2.98544305912122
2.88595954119884
2.78655484847298
2.68733024440125
2.58838615254317
2.48982202559064
2.3917362158032
2.2942258470227
2.19738668844024
2.10131303028545
2.00609756160587
1.91183125030124
1.81860322557433
1.72650066295686
1.63560867206535
1.54601018723825
1.45778586120156
1.37101396190614
1.28577027267568
1.20212799579964
1.12015765970084
1.03992702980265
0.961501023215555
0.884941627357649
0.810307822618523
0.737655509170192
0.667037438023326
0.598503146421154
0.532098897657581
0.467867625400015
0.405848882591314
0.346078794999034
1.00584374496399
-0.114855103362705
0.180569470394977
0.130085357276668
0.0819778273739746
0.0362617351702414
-0.00705168267407541
-0.0479548149115476
1.12637774043522
-0.122517915397725
-0.156180786956124
-0.187439159937394
-0.216303490158544
-0.24278780019618
-0.266909652379926
-0.288690116941333
-0.308153735362662
-1.10342199439723
-0.340245702872948
-0.352940095179914
-0.363449621783408
-0.371815466567089
-0.378081967251449
-0.382296546921459
-0.384509641336655
-0.384774622123436
-0.383147715954944
-0.379687919829331
-0.37445691256252
-0.367518962616688
-0.358940832390683
-0.348791679103372
-0.337142952405567
-1.27704297981394
-0.309643403437619
-0.293945978166765
-0.277055548107085
-0.259053384784411
-0.240022377257664
-0.22004691097637
-0.199212744594852
-0.177606884911367
-0.155317460103014
0.906855748417685
-0.10904526358118
-0.0852431938478229
-0.061118700287719
-0.0367635690761605
-0.0122699212149917
0.0122699212149917
0.0367635690761605
-1.26221555119268
0.0852431938478229
0.10904526358118
-0.715676420145294
0.155317460103014
0.177606884911367
0.199212744594852
0.22004691097637
0.240022377257664
0.259053384784411
0.424244300579342
0.293945978166765
0.309643403437619
0.324068288860561
0.337142952405567
0.348791679103372
0.358940832390683
0.367518962616688
0.37445691256252
0.379687919829331
0.383147715954944
0.384774622123436
0.384509641336655
0.382296546921459
0.378081967251449
0.371815466567089
0.363449621783408
0.352940095179914
0.340245702872948
-0.572272179733546
-0.957482686875307
0.288690116941333
0.266909652379926
0.24278780019618
0.216303490158544
0.265628055020739
0.156180786956124
0.122517915397725
0.0864436783290434
0.115408405740112
0.00705168267407541
-0.0362617351702414
-0.0819778273739746
-0.130085357276668
-0.180569470394977
-0.233411706972561
-0.288590019473836
-0.346078794999034
-0.405848882591314
0.368969086017663
-0.532098897657581
-0.598503146421154
-0.667037438023326
-0.737655509170192
-0.810307822618523
-0.884941627357649
-1.79196952083482
-1.03992702980265
-1.12015765970084
-1.20212799579964
-1.28577027267568
-1.37101396190614
-0.291310856685542
-1.54601018723825
-1.63560867206535
-1.72650066295686
-1.81860322557433
-1.91183125030124
-2.00609756160587
-2.10131303028545
-2.19738668844024
-2.2942258470227
-2.3917362158032
-2.48982202559064
-2.58838615254317
-2.68733024440125
-2.78655484847298
-3.50146687632725
-2.98544305912122
-3.0849034310819
-2.69869712441112
-3.28334411433427
-3.3821181481978
-3.48045675136108
-3.57825642754304
-3.67541378165739
-3.77182565554756
-3.86738926349592
-3.96200232732435
-5.79791243150129
-4.14797105389021
-4.23912590450897
-4.32892885120392
-4.41728215297772
-4.50408936824454
-4.58925548202224
-4.67268703129172
-4.75429222835432
-4.83398108202043
-4.63188055998329
-4.98725948759378
-5.77652648988349
-5.13184270162771
-7.76512038034789
-5.26708725570521
-5.33101715799412
-4.83929927415395
-5.45113446248877
-5.50718710884683
-7.01555067520621
-5.61096543131202
-5.65857424682325
-5.70325684183566
-5.1102173091783
-5.78364490506005
-7.72632570732614
-5.85176624414356
-5.88112832487504
-5.90731246640872
-5.57727366461002
-6.12627934520526
-5.96651851678238
-5.97973041834878
-5.98965249893969
-6.29830578677625
-5.99958586472205
-5.99958586472205
-5.99627348832989
-5.98965249893969
-6.33161966029489
-6.33151151015586
-5.95003179794765
-5.93028897913717
-5.90731246640872
-5.88112832487504
-5.85176624414356
-5.81925949895302
-5.78364490506005
-5.74496277043537
-5.70325684183566
-5.65857424682325
-6.51083395131155
-5.56048409272397
-5.50718710884683
-5.45113446248877
-5.39238916203223
-5.12571247470193
-5.26708725570521
-5.2006710242268
-5.13184270162771
-5.06067909674966
-4.98725948759378
-4.91166551646564
-5.96167589655736
-4.70307191650987
-4.84024635346143
-4.58925548202224
-4.50408936824454
-4.41728215297772
-4.32892885120392
-4.23912590450897
-4.20505176980469
-4.05556321090368
-3.96200232732435
-3.86738926349592
-3.77182565554756
-3.67541378165739
-3.57825642754304
-3.48045675136108
-3.3821181481978
-3.28334411433427
-3.18423811146908
-3.0849034310819
-2.13124075796938
-2.88595954119884
-2.78655484847298
-2.68733024440125
-2.58838615254317
-2.48982202559064
-2.3917362158032
-2.2942258470227
-0.855540166394289
-2.10131303028545
-2.00609756160587
-1.91183125030124
-1.81860322557433
-1.72650066295686
-1.63560867206535
-1.54601018723825
-1.45778586120156
-1.37101396190614
0.0283845361001609
-1.20212799579964
-1.12015765970084
-1.03992702980265
-0.170817553468232
-0.884941627357649
0.382622575907199
0.674905651559102
-0.667037438023326
-0.598503146421154
-0.532098897657581
-0.467867625400015
-0.405848882591314
-0.346078794999034
-0.288590019473836
-0.233411706972561
-0.180569470394977
0.784766395564406
-0.0819778273739746
-0.0362617351702414
0.00705168267407541
0.0479548149115476
0.0864436783290434
0.122517915397725
0.156180786956124
0.187439159937394
-0.868394962079072
0.24278780019618
0.266909652379926
0.288690116941333
0.308153735362662
1.3513449651724
0.340245702872948
0.352940095179914
0.363449621783408
0.371815466567089
0.378081967251449
0.265725218262604
0.746096806184711
0.384774622123436
0.383147715954944
0.379687919829331
0.37445691256252
-0.16930285867081
0.358940832390683
0.348791679103372
0.337142952405567
-1.14977820914796
0.309643403437619
0.293945978166765
0.277055548107085
0.259053384784411
0.240022377257664
0.22004691097637
0.199212744594852
0.177606884911367
0.155317460103014
0.132433591429527
0.10904526358118
0.0852431938478229
-0.472979883504153
0.0367635690761605
0.0122699212149917
-0.0122699212149917
-0.0367635690761605
-0.061118700287719
-0.0852431938478229
-0.10904526358118
-0.132433591429527
-0.155317460103014
-0.177606884911367
-0.973678988534267
-0.22004691097637
-0.240022377257664
-0.259053384784411
-0.277055548107085
-0.293945978166765
-0.309643403437619
-0.324068288860561
-0.337142952405567
-0.348791679103372
-0.358940832390683
-0.367518962616688
-0.37445691256252
-0.379687919829331
-0.383147715954944
-0.384774622123436
-0.384509641336655
-0.382296546921459
-0.378081967251449
-0.371815466567089
-0.363449621783408
-0.352940095179914
-0.340245702872948
-0.325328478976413
-0.308153735362662
-0.288690116941333
-0.266909652379926
0.00146174661716714
-0.216303490158544
-0.187439159937394
-0.156180786956124
-0.122517915397725
-0.0864436783290434
-0.0479548149115476
-0.00705168267407541
0.0362617351702414
0.0819778273739746
0.130085357276668
0.180569470394977
-1.40303497128133
0.288590019473836
0.346078794999034
0.405848882591314
-0.868984779320216
0.532098897657581
0.598503146421154
0.667037438023326
0.737655509170192
0.810307822618523
0.884941627357649
0.961501023215555
1.03992702980265
1.12015765970084
1.20212799579964
1.28577027267568
3.31469844029828
1.45778586120156
1.54601018723825
1.63560867206535
1.72650066295686
1.81860322557433
1.91183125030124
2.00609756160587
2.10131303028545
2.19738668844024
2.2942258470227
2.15200492920187
2.48982202559064
2.58838615254317
2.68733024440125
2.78655484847298
2.88595954119884
2.98544305912122
3.0849034310819
3.18423811146908
3.28334411433427
3.3821181481978
3.48045675136108
3.86998388254544
3.67541378165739
3.77182565554756
3.86738926349592
3.96200232732435
4.05556321090368
4.14797105389021
4.23912590450897
4.32892885120392
4.41728215297772
4.50408936824454
4.58925548202224
4.67268703129172
4.75429222835432
4.83398108202043
4.91166551646564
5.41615251469678
5.06067909674966
5.13184270162771
5.2006710242268
5.26708725570521
5.33101715799412
5.39238916203223
5.45113446248877
5.50718710884683
5.56048409272397
5.70735831585174
5.65857424682325
5.70325684183566
5.74496277043537
5.78364490506005
5.81925949895302
5.85176624414356
5.88112832487504
5.90731246640872
5.93028897913717
5.95003179794765
5.96651851678238
5.97973041834878
5.98965249893969
3.49674004640018
5.99958586472205
