0.0492591375736558
0.0996352869860817
0.0435857419231712
-0.00958735485149247
-0.0302520198913109
0.0843496413141347
-0.0900838837957767
-0.0583388248046153
-0.0522837987044552
0.0141441590325038
-0.00251644729250562
-0.104350645880791
-0.0802814963927417
-0.0640250401820632
0.0622087874303958
0.00773242619134942
0.0643417257788091
0.0855407214770441
-0.0915641083518873
-0.016044740452235
0.0592665902542531
0.00477656264978861
-0.131889669500217
-0.0947249964953682
-0.00923096348179771
-0.0288719044300364
0.0198040326464108
-0.248322752147807
-0.0990023793852409
-0.0302083691362354
0.0278736886400555
-0.0913171455070968
-0.0464023743660699
0.156527811700399
0.0523122560991621
-0.175918386573102
0.0881646280568655
0.21424505105222
0.285833030672368
-0.090716205890161
0.0561152612745068
0.202645956615826
-0.0590245457165829
-0.133033013236191
0.0166038428627681
0.0156370903915271
0.103349074822746
0.110094856334758
-0.0319098713824712
0.0361067371226395
-0.0894889393275836
0.119750047927013
-0.102470987894348
-0.0464966924895603
-0.0451374066677642
0.0493350338812471
0.181515974353197
-0.029983708698048
-0.0172848615575293
0.107473308311504
0.0140250181940662
-0.107458401145611
0.150238356651879
-0.0118131035475713
-0.0879030161335835
-0.0838186971014828
0.0114768227947352
0.1720697420322
-0.0275611440304175
-0.117696993354745
-0.0673563865505925
-0.0507087416571347
0.1502096562253
0.131241363292286
-0.0518981095175899
-0.013372802943396
-0.0953258356838695
0.0324572814147269
-0.0620010336112037
-0.0427164983979592
0.0596760531023317
-0.0613790042566395
0.0360712515687164
0.0881437099594062
0.0158722348788451
0.0622329868065103
0.0457115713538947
0.0719538267308454
0.0701356645420025
0.0461407119394636
-0.137601535750432
0.0343766920593259
0.186424831421419
0.0429936904142685
0.14878550700715
0.0175879421314062
0.0527132508170137
-0.00176379267589112
-0.051921660848781
0.0482096753508888
-0.0632622409741015
-0.0823012319242494
-0.0363559884987059
-0.125577571075089
0.0582044260079241
-0.0480267525682953
0.0333892124584841
-0.152691934167455
-0.0692411946792203
-0.0365972019035722
0.0887698608101565
0.0866194249404186
-0.18617037270991
0.0728671141364097
-0.00483901603148121
0.116258605137039
-0.0155766763582821
-0.0424904061836157
-0.0780998313299683
0.0923927827730088
0.0791959988154332
0.0652073312987763
0.0179840594657803
0.0453079570572885
0.0973369922648714
0.0692928353573103
-0.0629288508524497
0.0415896049499103
-0.0361463777734565
-0.0683211585043217
0.0861625236650092
-0.0157138753461884
0.108334805370127
-0.018749704474243
-0.0934168937005497
-0.183806485701716
-0.026303377488186
-0.00160602054306812
0.0786782029581265
-0.00163897414736938
0.0143489469426847
0.00906532976418532
0.0962014585193667
-0.0497641579695662
-0.0175689066565422
0.0521390633872213
-0.114388361387271
0.235765122522333
-0.000713088443729137
-0.0733614489342095
0.0424867833503211
0.0895416940085957
0.00482781333540268
0.036166312291856
0.119841844544277
0.00131202945620162
-0.0248785350528886
0.0996720238674114
-0.0529116682463334
-0.055076310048181
0.167012013143646
-0.186235143233185
-0.0509706291270316
0.0342310361398266
0.046985036158687
-0.13337507690871
0.0511023444896394
0.112506386812269
0.00783723391346113
-0.0275806694050268
0.066820884282564
-0.121397100952464
-0.179554195886939
0.0593445818063047
0.0279776945489778
0.128447829405669
-0.0627132019413753
-0.178991484095071
0.0792056343500312
0.0471535229228487
-0.014800451688812
0.0627282402286452
-0.00137773134319941
-0.0489244730977573
0.00519376547931508
-0.0521585552211283
0.0341659555146552
-0.0765120768207221
-0.0770859491711397
0.0447070571646825
-0.00934201026703511
0.0382762052400736
-0.0985745128302358
0.130776041416978
-0.0442087362035703
0.0951152931777634
-0.0649519581764701
0.0504956571959189
-0.143485852404809
0.104316260145061
0.137137296025108
-0.178159724261228
0.125565527484323
-0.0234196338822782
-0.0685886571507129
0.112207363447501
-0.146294222513068
0.0135401883507179
-0.132114795429685
-0.0130822956143275
-0.0689386565784855
0.102372144217578
0.155694004466829
-0.107918175926539
0.0290722812885912
0.0543645241488563
-0.00248699125747054
-0.0981346589331242
-0.0930048486864536
-0.0430075419486675
-0.139136877602536
0.069953078820822
-0.0840017100783269
-0.0793934530849061
-0.00202386216238439
-0.102728106890151
-0.0593016527736535
0.0684923294336904
0.138932675836628
-0.00757161258873264
0.0344087567789055
0.248088950713452
0.160523463244069
-0.0987831704932478
-0.0395927926500802
-0.0728316130268164
0.0399370312095373
-0.015206299582108
-0.0104733720361135
-0.0717512667325745
-0.0136246863956967
-0.103110374711421
0.00740515490445091
-0.0641698839538438
0.0560875960259672
0.0882812533100316
0.0847782174930645
-0.0355151363435133
0.0435909364276603
-0.0142020397767312
0.0602405483054619
-0.0991355277026077
0.02932000505611
-0.0387942734184345
-0.0806144064359899
-0.0187331026455012
0.118393088569129
-0.0757108086004047
0.0440970194449333
-0.0972759792692035
-0.0188425346161023
-0.0158135778325079
-0.0360697315509794
0.032227159209209
-0.0362779819472351
0.142187346956524
-0.0773588525849989
0.0138494425821347
-0.0838807453937562
0.0418670300860793
-0.0225983534998162
-0.124672768632457
0.0627850796686739
0.0710569497466093
0.0576836798470221
-0.111377908597792
0.0249714737627059
-0.0383926839699905
0.00627927698973781
-0.0784791430722016
0.0352658896735216
0.192150585351646
0.0432847917244825
0.0285992205893039
0.00749131613068657
0.0451541978820947
-0.160733999901819
0.125300459045467
-0.144832594459621
-0.0105917511090679
0.0391457159848543
0.0420674042342196
0.0941068640553423
0.0471551549733589
0.00544930004842939
0.0512365608329321
-0.0529442212030437
-0.159396086769848
-0.0272115854081149
-0.031267098704477
0.106254386858372
0.0652381361810574
-0.0797362617164544
-0.0868572537806779
0.164734828581658
0.0717318918525839
-0.0278618602908833
0.0304864461206444
-0.0260179516555806
-0.000993793883966997
0.0346875850107325
-0.138191647257326
0.16320560784498
0.0775894201311036
-0.124893303213928
-0.0492398678157129
-0.00150373616962111
0.00762511992811119
-0.0419476733444061
-0.0306604369560322
0.0941329174448406
-0.0297304508742147
0.0685341992865767
-0.0491210648295605
-0.0195498299657352
-0.143935118637568
0.0394549773306965
0.0906773757773066
0.0391927044812159
-0.068275261123639
-0.0507333414922223
0.0501179923892601
-0.0622428614790716
0.0282050400338158
-0.125098664607414
-0.210713855323157
0.0355529691284354
0.163206438856297
-0.151171842067266
0.033555440609776
0.0653853093214634
-0.0277407365819426
-0.0747369125568415
-0.0263958668444032
-0.0932532758922266
-0.0189323619976657
-0.0437148298804968
-0.211179069079753
0.00818358780312751
-0.116682548843243
0.0213504015058709
-0.0597295259493257
0.00435988793291274
0.209640655788492
0.0388558305417364
-0.157042616609317
0.166894675631485
0.04045067240409
-0.0483761467408638
0.0107727722695128
0.0814951568496875
0.0418110665090772
0.0505625298032955
-0.186189004171824
0.0133186987980649
-0.182191738432132
-0.0319859464291655
0.177059449824956
0.0857887957240265
-0.0118062917213212
-0.166036004976275
-0.060151961758329
0.183034222334129
0.144740872232387
-0.0704146840618714
0.0236855111782809
-0.144058083322633
-0.0802701743256197
0.157476659501565
0.0234209485638692
-0.0886483116285183
0.0154123384470676
-0.0590397998941799
-0.121605326516174
-0.126288969482676
-0.0689590112195175
0.0357892285889039
-0.182794863842414
0.0720701475486835
0.0484154900257193
0.00201990313556755
0.00253013218314133
-0.155512000754671
0.0166530088989957
-0.0517126186789122
0.0514036096535817
-0.0155743974666201
-0.110902616022006
-0.00722576782182702
-0.162868064250165
0.0786386673892998
0.00102746238289713
0.0743057892550843
0.0280998975148035
-0.0552028441015698
0.0705044075908887
0.0738518061409489
0.0596815447540297
-0.0938372390102333
-0.0549173441778861
0.0647514872459673
0.12152805264992
0.129796801669298
0.0473866425393429
0.039521460428198
-0.0281491975930724
0.0465248064428153
-0.0137924413162247
-0.00147855827906501
-0.0272607093212509
0.117697774468076
0.0310134727851653
0.0157985229501638
-0.0104355714143939
-0.102434423790505
-0.0543906800990406
0.00427084343796061
-0.0952766530835801
-0.147323153264307
0.0448719037297807
0.112744497406774
0.067770190014642
-0.0234949291628662
-0.123992351846718
0.0574163224917905
-0.219501905035025
-0.0628578125646702
0.136422996019107
-0.124744072399008
0.0167202566986752
-0.0316735590380926
-0.0612326699231873
0.0111347936858944
0.0246615123212689
0.0521421917019626
0.1394811046052
0.00893499897637404
0.120353987065919
0.0555643552362287
-0.0186862330118069
0.0243287217078836
-0.0994748478946913
0.0339816666426228
-0.0949568582790861
-0.151452646711477
0.158675150340316
0.110420795110324
0.173996941596616
0.134621934925979
0.171111877422381
0.0319248988045436
0.0907649644815916
0.0492078320624968
0.031578478851378
0.0405990683320818
-0.0977607760693125
0.0446166407507937
-0.161364000639032
0.188263214958261
-0.040397380342913
0.0012556833670046
-0.0264534514168932
-0.0773132855810211
-0.0644269208476256
0.131466158918382
-0.0352905361298018
0.0817972127270804
0.00199995185507612
0.0527327020588144
-0.0380853386863413
-0.109747576382387
-0.0212238527390143
0.0803742469981438
-0.0716014740991258
0.0197752611747367
0.00768593256303525
0.0903999502123517
-0.018977540982569
-0.102949109616494
0.111860546935851
-0.128077270834046
-0.0179091924808156
0.0190593290686264
-0.162777989044932
0.00378769296755915
0.0252945914338828
-0.0416587741273012
-0.0839484104531404
-0.16045805475457
-0.244760194312424
-0.0449235507260289
-0.0192800456399737
-0.0150108030923542
0.0590885767318377
-0.162907488307459
0.0829426825263382
0.056741512285241
-0.0112485236570491
-0.0176001871574383
0.0337785307731196
-0.00238326853798317
-0.124269482760997
0.0912148579547539
-0.0944310233904222
-0.192432513292688
-0.175642842077306
-0.17151949704709
0.0404584784504272
0.0263055158169434
0.0570431749689474
-0.0188141050453658
0.113978739094971
0.087331452679838
-0.0460259315063828
-0.147756327301258
-0.0425683222678201
0.128999705812715
-0.059165589352644
-0.0716071490046274
-0.0345314703230089
-0.0183775015935247
0.0672202931700669
0.060705849017111
0.0231418237087438
0.00995857371658364
-0.0231392429987275
0.0197134157959844
-0.000980477135552348
0.0597024733152189
0.0675069934790261
-0.150455838684462
0.0301143912317946
-0.00426077564598862
0.111410362745261
0.146216737764536
0.130088694309492
0.0897991989319166
-0.0779098703027444
-0.0220831389955779
0.0544075359579205
0.0136914026329606
0.158503714107242
-0.121901711059024
-0.0300772333681031
0.00843453635239503
0.0406546458160332
0.155184192808038
0.0331921621909487
-0.0550975108512651
0.00400799838731677
-0.0599818187622836
-0.120571131271998
0.121365068849083
0.0402905134607996
-0.108937538707379
0.0468553533047868
-0.0203381497491467
0.0707116561587523
-0.017213286913109
-0.0758478743065077
0.0269672819793831
-0.038714537521357
0.0551202896816871
-0.0706403981374528
0.184721476586098
-0.019691078794159
0.128603047769738
-0.102779786797303
-0.0675340134275847
-0.220535482963913
0.00659533000782761
0.0539801377552176
-0.152163534421522
-0.126296103701735
0.00652123823810347
0.098700697101968
0.107677542821318
0.142645450752872
-0.0469893497012628
-0.0385443159937291
-0.110979740220293
-0.137268237492035
-0.0527961008686332
-0.229953752751045
0.012972652193997
0.0768174469425855
-0.0139289919047373
-0.0683465171081957
-0.052097097830676
-0.0386689106480497
