2.8771
2.9997
2.1911
2.4394
1.9695
-0.9574
1.4702
4.4438
-0.3697
-0.2883
-3.4174
1.9321
-6.4299
0.8881
-2.4832
5.9769
-2.5552
1.4948
-4.2185
3.5236
1.4179
3.6063
0.2543
-2.0097
-0.2614
1.9628
-1.5711
-2.6208
-1.2964
-0.2969
0.2767
-0.4029
-4.5151
2.7755
-3.9635
-2.2101
-5.7855
-1.1590
2.6877
1.3081
-1.3902
0.3295
-1.9402
1.8536
1.1117
4.8959
0.3336
-2.4935
-4.7728
-1.1324
5.4259
1.6307
2.0185
-1.1556
-0.0027
1.5249
-1.4800
-0.7341
2.4732
-2.1506
5.1347
0.5998
-0.5140
2.6990
-0.9182
-3.3800
2.9831
5.1232
-4.3518
-0.6231
-4.8600
-2.1551
3.8591
-2.2609
-0.2802
1.7587
1.6980
5.7264
0.5989
-3.8858
0.0229
1.0968
-0.7920
-1.7849
-1.0971
-0.2286
1.7387
0.4856
1.9859
-0.3460
-4.5953
1.3931
0.1318
-1.0278
2.5845
-1.7438
-2.0291
0.3639
-1.0174
-0.7296
-4.9700
1.7376
4.9659
4.6150
-1.0497
-2.2708
-2.7874
-0.3779
1.4089
2.9397
0.3238
-2.7003
-1.5285
4.0322
-0.7325
-1.8721
0.0616
0.2761
1.8885
-0.7122
-0.0838
1.3964
1.9527
1.6881
1.0402
1.2039
0.8676
4.1433
3.6421
-0.1336
-0.4713
1.9829
2.6611
5.2314
-2.4375
2.5978
-2.5079
0.3065
0.4337
-1.7255
-1.2105
1.1965
5.3502
-0.0572
-3.3917
-1.0516
-0.0409
1.4738
-1.7289
-3.0353
-0.5584
-1.9716
2.0747
-1.0923
-1.0552
2.0082
0.8251
-2.0411
-2.8885
3.2901
2.0979
0.1520
1.9714
3.0991
-1.5473
-1.2600
-4.4883
-3.7556
-1.6027
0.1206
-0.8574
0.6582
3.5547
-1.0774
1.6917
-0.6334
-0.0032
-0.0040
0.1155
-0.9581
0.4849
-2.6445
2.5629
-0.4003
5.2209
-0.8359
0.0130
0.3818
0.2135
1.1048
-2.5890
2.5269
1.5603
3.7731
-2.6642
1.3578
0.0379
1.5519
-0.2732
3.0620
-0.9915
0.1034
-5.2992
1.5791
-1.1125
-4.8783
-4.4767
-2.2723
-3.1060
1.9858
-0.9791
5.1283
-1.8499
0.4235
0.9254
1.0629
4.5523
-1.8727
0.1514
-1.1411
1.3149
-4.4938
-2.3229
4.4170
0.9585
0.8581
1.6464
2.4052
5.3447
-2.6944
-2.0253
0.8155
1.6837
-0.4375
-0.1227
3.5001
0.8750
2.5324
2.5013
0.4090
-0.5470
-1.2852
-1.5533
1.6815
3.4306
3.9357
0.9360
-0.5829
1.9585
-0.2373
2.1128
1.4243
0.6980
2.0678
-1.9873
5.0702
1.2789
1.5208
1.0336
1.4918
-1.7299
0.3637
-2.9065
0.3218
1.3587
2.8044
0.7505
-0.5343
-3.9745
-3.6737
-2.5471
1.7184
-1.6446
-3.0564
1.7301
-2.8732
4.1981
1.0793
2.2225
-2.4150
1.8993
4.1557
2.2686
-2.6761
-3.2310
-4.3104
6.7689
-2.2021
-0.7801
-2.1417
2.6990
-0.8725
1.3383
-3.2726
-3.8520
-1.2488
0.5422
1.7221
0.1640
-0.9290
