1
0.998610321848204
0.992392173465226
0.981056814857988
0.96433649898165
0.941988396302442
0.913798501416866
0.879585471351855
0.839204342923325
0.792550074969364
0.739560860468897
0.680221153566527
0.614564357397453
0.542675120377151
0.464691191308517
0.380804787267633
0.291263432744467
0.196370233905191
0.0964835580588502
-0.00798390461447096
-0.116566712368823
-0.228748883305188
-0.34396674528944
-0.4616124137697
-0.581037877698454
-0.701559664540418
-0.822464046243345
-0.943012739225486
-1.06244904304987
-1.18000435466902
-1.29490498808437
-1.40637922311437
-1.51366450183178
-1.61601468722779
-1.71270729588326
-1.80305061494975
-1.8863906136177
-1.96211756050376
-2.02967226102789
-2.08855183285011
-2.13831494275002
-2.17858643488635
-2.20906128807272
-2.22950784843083
-2.23977029339609
-2.23977029339609
-2.22950784843083
-2.20906128807272
-2.17858643488635
-2.13831494275002
-2.08855183285011
-2.02967226102789
-1.96211756050376
-1.8863906136177
-1.80305061494975
-1.71270729588326
-1.61601468722779
-1.51366450183178
-1.40637922311437
-1.29490498808437
-1.18000435466902
-1.06244904304987
-0.943012739225486
-0.822464046243345
-0.701559664540418
-0.581037877698454
-0.4616124137697
-0.34396674528944
-0.228748883305188
-0.116566712368823
-0.00798390461447096
0.0964835580588502
0.196370233905191
0.291263432744467
0.380804787267633
0.464691191308517
0.542675120377151
0.614564357397453
0.680221153566527
0.739560860468897
0.792550074969364
0.839204342923325
0.879585471351855
0.913798501416866
0.941988396302442
0.96433649898165
0.981056814857988
0.992392173465226
0.998610321848204
1
0.99686704587534
0.989530574120011
0.978319268839199
0.963567826564145
0.945613581156505
0.924793337802277
0.901440438577724
0.875882077399784
0.848436877578506
0.819412740737773
0.789104971624338
0.757794679336781
0.725747451820003
0.693212297122787
0.66042084193282
0.627586775303573
0.594905523280783
0.562554138325262
0.530691386008705
0.499458010418788
0.468977159032404
0.439354947479601
0.410681144600062
0.38302995845991
0.356460904518116
0.331019737876204
0.306739432478862
0.283641191223019
0.261735472146158
0.241023017169258
0.221495871235884
0.203138381088309
0.185928164328656
0.169837040804582
0.154831919714681
0.140875637131025
0.127927739870219
0.115945212798339
0.104883147719733
0.0946953529684248
0.0853349036895561
0.0767546335648601
0.0689075694007212
0.0617473105615556
0.0552283556984172
0.0493063795973682
0.0439384632598432
0.0390832805343213
0.0347012447520596
0.0307546188867354
0.0272075927661153
0.0240263308208549
0.0211789937686631
0.0186357375085314
0.0163686923463911
0.0143519254968526
0.0125613896115645
0.0109748598786349
0.00957186202436724
0.00833359333259691
0.0072428385819226
0.00628388259031097
0.00544242085258251
0.00470546956132248
0.00406127611749912
0.00349923106477369
0.00300978222202357
0.00258435164249544
0.00221525589547799
0.00189563004738966
0.00161935561345107
0.00138099265820789
0.00117571614249487
0.000999256545283175
0.000847844730444239
0.000718160979957516
0.000607288075616441
0.000512668279969975
0.000432064043206343
0.000363522245093836
0.000305341769128449
0.000256044198929686
0.000214347423954335
0.000179141942097724
0.000149469650114248
0.000124504918463307
0.000103537754680379
8.59588682498568e-05
7.12464598347065e-05
5.89545682679919e-05
4.87028196510377e-05
4.01674339953548e-05
3.30733558940143e-05
2.71873865533763e-05
2.23122050312619e-05
1.82811766151932e-05
1.49538558619353e-05
1.22121008569148e-05
9.95672370742612e-06
8.10461014080663e-06
6.5862483348618e-06
5.34361377010112e-06
4.32836297753955e-06
3.50029458402942e-06
2.82604105621405e-06
2.27795904446265e-06
1.83319026192348e-06
1.47286843462527e-06
1.18145106018168e-06
9.461575485757e-07
7.56497821315797e-07
6.03877646288058e-07
4.8126891464176e-07
3.82934751039629e-07
3.04200815689443e-07
2.41265429907633e-07
1.91042258739108e-07
1.51030234621755e-07
1.19206223608546e-07
9.39366368138115e-08
7.39047893992706e-08
5.8051320832347e-08
4.55254251276222e-08
3.56450087552912e-08
2.78642060579652e-08
2.17469454212595e-08
1.6945481138999e-08
1.31829920331724e-08
1.02395037509781e-08
7.94052186351582e-09
6.14787139241665e-09
4.75232859093351e-09
3.6677056131042e-09
2.82611059917725e-09
2.17415679685846e-09
1.66993641419879e-09
1.28060947244705e-09
9.80486269631848e-10
7.49505248386181e-10
5.72026981558585e-10
4.35880396069511e-10
3.31609874014473e-10
2.51882019481494e-10
1.91019090447957e-10
1.44632723428557e-10
1.09336917857563e-10
8.25235390390109e-11
6.21870410966203e-11
4.67878669538921e-11
3.51461834701571e-11
2.63593643853072e-11
1.97380294016332e-11
1.47565556730886e-11
1.10148557045678e-11
8.20890960735942e-12
6.10808718649148e-12
4.53772647378541e-12
3.36577412924361e-12
2.49255885463854e-12
1.84297694956607e-12
1.36053161436823e-12
1.00279427550151e-12
7.37954773064177e-13
5.4220379416476e-13
3.9775026346638e-13
2.91322296733107e-13
2.13035757537031e-13
1.55541762846336e-13
1.13385484411528e-13
8.25247143798001e-14
5.99690156182972e-14
4.35097231956306e-14
3.1518273393897e-14
2.27958294255414e-14
1.64613497832456e-14
1.18684152132876e-14
8.54353180492644e-15
6.14044356635338e-15
4.40635836411456e-15
3.15702355110514e-15
2.2583639454337e-15
1.61297750156911e-15
1.15022053847528e-15
8.18940816562341e-16
5.82160406054778e-16
4.13191821679485e-16
2.92805902511033e-16
2.07170134120411e-16
1.46350370623327e-16
1.03223840433057e-16
7.26918717638625e-17
5.11106597315139e-17
3.58803821418514e-17
2.51491152243493e-17
1.75998342349118e-17
1.22974423786244e-17
8.57909549019185e-18
5.97570055501588e-18
4.15582165657114e-18
2.88566463416407e-18
2.00057952325936e-18
1.38479955468515e-18
9.57060228416307e-19
6.60409031368153e-19
4.54996693623105e-19
3.12986135440754e-19
2.14962992436071e-19
1.47409052898402e-19
1.00926818973993e-19
6.89939645990554e-20
4.70909896037236e-20
3.20912654828986e-20
2.1835256105624e-20
1.48337947666813e-20
1.00616424064531e-20
6.81409576747255e-21
4.60755401009979e-21
3.11068179184348e-21
2.09683275533825e-21
1.41122139262238e-21
9.4830876363648e-22
6.36249903111278e-22
4.26215406640939e-22
2.85071700148579e-22
1.90371840656829e-22
1.26933147167452e-22
8.4502822671207e-23
5.61683032934974e-23
3.72765238437847e-23
2.47003785596921e-23
1.63416537165091e-23
1.0794752181014e-23
7.11956919915392e-24
4.68834115661344e-24
3.08254364515275e-24
2.02359633155532e-24
1.32636556044968e-24
8.68015292609104e-25
5.67174091907625e-25
3.70024380802642e-25
2.41029014316234e-25
1.56759336153235e-25
1.0179411974938e-25
6.59989807331441e-26
4.272451129083e-26
2.76148311605053e-26
1.78210450798291e-26
1.14828451199204e-26
7.38739770759144e-27
4.7452506859254e-27
3.04335503429006e-27
1.9488208976806e-27
1.24599745688712e-27
7.95405102431445e-28
5.0697395265521e-28
3.22633192874648e-28
2.05002254841024e-28
1.30057226635979e-28
8.23828219973281e-29
5.21032999603683e-29
3.29018448729134e-29
2.07444435113714e-29
1.30589996167339e-29
8.20813845380299e-30
5.15117309693231e-30
3.22770906397072e-30
2.01933999936377e-30
1.26139586322518e-30
7.86720206100384e-31
4.89909897994333e-31
3.04606515289779e-31
1.89099023322122e-31
1.17210512127494e-31
7.25389188274195e-32
4.48232028754735e-32
2.76542600711606e-32
1.70352536037256e-32
1.04776194856191e-32
6.43434218629442e-33
3.94523839272268e-33
2.41529380258531e-33
1.47636708673226e-33
9.01044968640517e-34
5.49068276488729e-34
3.3406737501903e-34
2.02940933428418e-34
1.2309294700545e-34
7.45460543499137e-35
4.50758764089509e-35
2.72139618501481e-35
1.64046695471822e-35
9.87350548484839e-36
5.93339791905132e-36
3.56011349259704e-36
2.13281173953611e-36
1.27576169907713e-36
7.61929870694642e-37
4.54348280673465e-37
2.70514950030301e-37
1.60813384373553e-37
9.54512663443461e-38
5.6567869582331e-38
3.34723821058326e-38
1.97757120754673e-38
1.16655815707534e-38
6.870834001223e-39
4.04055810264806e-39
2.3724776866059e-39
1.39088696848099e-39
8.14161387847448e-40
4.75836955307893e-40
2.7767378271036e-40
1.61785899389231e-40
9.41186263508672e-41
5.46688141197188e-41
3.17053773011643e-41
1.83592711486778e-41
1.06146877223001e-41
6.12757056852163e-42
3.53182171120184e-42
2.03253770326958e-42
1.16790595731442e-42
6.70049053864636e-43
3.83826380255121e-43
2.19529342030405e-43
1.25366037773003e-43
7.14820219742393e-44
4.06952196102987e-44
2.31323437968221e-44
1.31288168050724e-44
7.43980034665134e-45
4.20946351916771e-45
2.37805573565496e-45
1.34136556021676e-45
7.55443781016154e-46
4.24802494469817e-46
2.38507427354969e-46
1.33704717757817e-46
7.48378946184704e-47
4.18240830753194e-47
2.33378779964469e-47
1.3002486222328e-47
7.23305172589272e-48
4.0174168965034e-48
2.2279345350568e-48
1.23363923208654e-48
6.82031090150403e-49
3.76487407838326e-49
2.07504276030352e-49
1.14191555258149e-49
6.274386915583e-50
3.44222301999322e-50
1.8855460415711e-50
1.0312542123688e-50
5.6315094189347e-51
3.07053751237322e-51
1.67160838626482e-51
9.08626175800015e-52
4.93135812048551e-52
2.67225848487753e-52
1.4458426685273e-52
7.81077786256748e-53
4.21306578010436e-53
2.26899178410933e-53
1.22010824793235e-53
6.55080368817846e-54
3.51173401981349e-54
1.87966077447253e-54
1.00454223562573e-54
5.36028409989219e-55
2.85586927933225e-55
1.51921687389759e-55
8.06923168314682e-56
4.27932802719307e-56
2.26594820702165e-56
1.19799612042955e-56
6.3240005674825e-57
3.33318538184653e-57
1.75411531386962e-57
9.21696500195725e-58
4.83558349794405e-58
2.53303393708439e-58
1.32484272770428e-58
6.91861020092576e-59
3.60748589016574e-59
1.87811284711359e-59
9.76270153259565e-60
5.06698535915144e-60
2.62579379192155e-60
1.35863543503017e-60
7.01902245272719e-61
3.62060979133526e-61
1.86473974944446e-61
9.58928383788033e-62
4.92363191712096e-62
2.52415757629261e-62
1.29204859852393e-62
6.60347833325552e-63
3.36975407707969e-63
1.71694040235211e-63
8.73461598925033e-64
4.43674036973249e-64
2.25017262749204e-64
1.13946057227803e-64
5.76121960362473e-65
2.90844757122496e-65
1.46601951236367e-65
7.37819251503077e-66
3.7075921592813e-66
1.86022589829865e-66
9.31904042695499e-67
4.66131553123077e-67
2.32797130949867e-67
1.16085661209326e-67
5.77978106157233e-68
2.87326754049923e-68
1.42617439355239e-68
7.06807435468473e-69
3.49753049237488e-69
1.72804024288018e-69
8.52468137375989e-70
4.19888941284954e-70
2.06501263618325e-70
1.01401178698566e-70
4.97159020025233e-71
2.43377088062343e-71
1.18958676101455e-71
5.80556691617892e-72
2.8289498345682e-72
1.37637879174847e-72
6.68625336259026e-73
3.24309622317728e-73
1.57061233482789e-73
7.59469528682277e-74
3.66677195129129e-74
1.76762306616468e-74
8.50800327711008e-75
4.08881895781919e-75
1.96200619835328e-75
9.40015781228633e-76
4.49678585387994e-76
2.14783826159164e-76
1.02431437082844e-76
4.87750018806406e-77
2.31896223946615e-77
1.10083550215093e-77
5.21775353115673e-78
2.46931839821853e-78
1.16681777579334e-78
5.50505178786535e-79
2.59329679519033e-79
1.21976311015489e-79
5.7283723169994e-80
2.68608323125636e-80
1.25759323926474e-80
5.87886431171237e-81
2.74396904231338e-81
1.27878496196415e-81
5.95043053937512e-82
2.76459698186651e-82
1.28247188512688e-82
5.94013717590062e-83
2.74712048054044e-83
1.26850319056472e-83
5.84841334394603e-84
2.69226128711671e-84
1.23745387035673e-84
